401.bzip2,6.801092942942941e-07,1024.0427499999998,0.2730719708742175,0.0,1.8865682818696035e-05
403.gcc,6.30227147147147e-07,560.50559375,0.14946499134218355,0.0,3.316785012941886e-05
435.gromacs,6.386303453453452e-07,339.92634375000006,0.09064511832349154,0.0,5.630764908153647e-05
436.cactusADM,3.7541331831831844e-07,383.616075,0.1031478932646628,0.0,5.102932693023601e-05
444.namd,7.056916816816817e-07,692.6397312500001,0.1847000843582116,0.0,2.766471760654885e-05
445.gobmk,4.4822905405405404e-07,460.3392562499999,0.12275451760422679,0.0,4.0574496156312556e-05
447.dealii,6.225018768768769e-07,409.18969375000006,0.1091151267593127,0.0,4.450221531223606e-05
456.hmmer,5.353947597597597e-07,490.1755375000001,0.13071082893042668,0.0,3.9340709555853404e-05
458.sjeng,2.0329930930930928e-07,171.56157499999998,0.045748790125649336,0.0,0.00010647039798241565
459.GemsFDTD,1.1481855405405406e-06,3226.6375,0.8607023931092661,0.0,7.722950714880033e-06
462.libquantum,4.515896396396396e-07,1230.764374999999,0.3281978422057452,0.0,1.5240312989937988e-05
464.h264ref,1.0326342642642644e-06,1449.2152499999993,0.3864494072725658,0.0,1.3485174876105425e-05
471.omnetpp,2.5899115615615616e-07,144.92170625000003,0.038644940727256584,0.0,0.00012918512119311406
473.astar,6.557599099099098e-07,366.56631249999987,0.0977489677218843,0.0,5.0830840242722736e-05
482.sphinx3,6.078231831831833e-07,851.4141937500001,0.2270390267726324,0.0,2.288260004059128e-05
483.xalancbmk,9.005822072072071e-07,1044.2879062499999,0.2787550503929317,0.0,1.8561341078033307e-05
