401.bzip2,1.2221894846153877e-06,501.20803125000066,0.534612992090998,0.0,1.777669825976882e-06
403.gcc,2.3132448461538457e-07,262.8676046874998,0.2803874522349596,0.0,3.3713979879368854e-06
435.gromacs,1.7972043846153846e-07,93.8431656249999,0.10009775171065494,0.0,9.434131820913461e-06
436.cactusADM,1.4867385384615383e-07,126.9015421874999,0.13535945969963564,0.0,6.984121576539269e-06
444.namd,1.621524615384615e-07,303.92336093750004,0.3241802186083711,0.0,2.91380660298583e-06
445.gobmk,2.3194981538461532e-07,149.29595624999985,0.15924642317604196,0.0,5.025636365470466e-06
447.dealii,7.467373846153847e-08,65.0502328125,0.06938594152670399,0.0,1.1511598161648802e-05
456.hmmer,2.6517352307692304e-07,188.75248749999994,0.20133297787256732,0.0,4.696055158083441e-06
458.sjeng,1.2173297692307693e-07,53.31998906250001,0.056873722562872125,0.0,1.658118729807692e-05
459.GemsFDTD,8.68038476923077e-07,1507.3555859374994,1.6112325602061672,0.0,6.033894753879416e-07
462.libquantum,2.1025646153846155e-07,307.6554140625001,0.32816137918777216,0.0,2.878393839779696e-06
464.h264ref,2.8857800000000006e-07,334.3153578125,0.35659824046920824,0.0,2.649283963815789e-06
471.omnetpp,7.922615384615386e-08,59.18513124999999,0.06312983204478806,0.0,1.2838377501299375e-05
473.astar,1.4181269230769226e-07,95.4427562499999,0.1018039633875411,0.0,9.274997819751824e-06
482.sphinx3,2.8168585384615396e-07,233.5414406249998,0.2491069048253799,0.0,3.751169837493414e-06
483.xalancbmk,2.2531094615384613e-07,267.1330765624998,0.2849373500399893,0.0,3.3154737613714873e-06
