401.bzip2,2.48020825e-06,307.20000000000005,0.007680000000000001,0.0,3.266373697916667e-05
403.gcc,5.2508315e-06,230.39999999999998,0.007168000000000001,0.0,3.6783970424107144e-05
435.gromacs,4.455523825e-06,384.0,0.008533333333333335,0.0,3.3902050781249995e-05
436.cactusADM,5.2475802500000005e-06,460.80000000000007,0.009045333333333334,0.0,3.410791936910377e-05
444.namd,2.29117785e-06,563.2,0.010069333333333335,0.0,2.873104806673729e-05
445.gobmk,2.983466675e-06,921.6000000000001,0.012288000000000002,0.0,2.6151123046875004e-05
447.dealii,3.512569325e-06,281.6,0.007509333333333335,0.0,3.4259366122159085e-05
456.hmmer,3.0937212000000004e-06,486.4,0.009045333333333334,0.0,3.056686689268868e-05
458.sjeng,4.4713667e-06,435.2,0.009045333333333334,0.0,3.339954304245283e-05
459.GemsFDTD,4.6755722000000006e-06,844.8000000000001,0.012288000000000002,0.0,3.0321451822916666e-05
462.libquantum,1.9935e-06,256.0,0.007338666666666668,0.0,3.330172374636628e-05
464.h264ref,1.6401656250000001e-06,819.2,0.011093333333333335,0.0,2.3769906850961538e-05
471.omnetpp,3.999475e-06,614.4000000000001,0.01024,0.0,3.0754638671875e-05
473.astar,3.4092033e-06,512.0,0.009557333333333334,0.0,3.094037737165179e-05
482.sphinx3,5.070483175e-06,435.20000000000005,0.008874666666666668,0.0,3.404184194711539e-05
483.xalancbmk,5.83044895e-06,332.8,0.007850666666666667,0.0,3.603388247282608e-05
