401.bzip2,6.873400000000001e-08,6184.955,0.11434666666666668,0.0,7.878673041044777e-07
403.gcc,8.076613e-08,4116.475,0.07987200000000001,0.0,1.1279296875e-06
435.gromacs,1.1001110000000001e-07,5529.5975,0.09318400000000002,0.0,9.66796875e-07
436.cactusADM,1.0901315e-07,6328.325,0.10786133333333335,0.0,8.352390723892406e-07
444.namd,6.835023e-08,8724.4825,0.15667200000000003,0.0,5.750229779411764e-07
445.gobmk,7.676835e-08,5406.72,0.10274133333333335,0.0,8.768622819767442e-07
447.dealii,7.947107e-08,4648.965,0.08874666666666668,0.0,1.01513671875e-06
456.hmmer,8.512142000000001e-08,8806.399999999998,0.14779733333333336,0.0,6.095509165704388e-07
458.sjeng,7.47748e-08,3092.4799999999996,0.05154133333333334,0.0,1.74791752897351e-06
459.GemsFDTD,1.1217648999999999e-07,13230.075,0.23278933333333338,0.0,3.870022681451613e-07
462.libquantum,5.51799e-08,5918.725,0.10990933333333334,0.0,8.173518779114907e-07
464.h264ref,6.088095e-08,8581.1175,0.15428266666666668,0.0,5.83928201050885e-07
471.omnetpp,8.19719e-08,2621.435,0.04403200000000001,0.0,2.0460119912790698e-06
473.astar,1.0649434e-07,5980.165,0.10137600000000002,0.0,8.88671875e-07
482.sphinx3,8.722859e-08,6615.04,0.12151466666666669,0.0,7.413919856039326e-07
483.xalancbmk,7.705782999999999e-08,5959.679999999999,0.11059200000000002,0.0,8.146158854166667e-07
