401.bzip2,7.90437e-08,6082.555,0.11264000000000002,0.0,1.1231090198863635e-06
403.gcc,9.105163000000001e-08,4096.0,0.07953066666666668,0.0,1.5694700576716737e-06
435.gromacs,1.2035800000000002e-07,5529.5975,0.09318400000000002,0.0,1.7254786229395603e-06
436.cactusADM,1.2072824000000002e-07,6307.837499999999,0.10786133333333335,0.0,1.616306739517405e-06
444.namd,7.90841e-08,8622.0825,0.15496533333333334,0.0,9.240647370594714e-07
445.gobmk,8.652327000000001e-08,5406.72,0.10274133333333335,0.0,1.3232259655315616e-06
447.dealii,8.825052e-08,4710.4025,0.08977066666666668,0.0,1.3972047290874526e-06
456.hmmer,9.431938000000001e-08,8826.875,0.14779733333333336,0.0,1.1181933819284067e-06
458.sjeng,8.52384e-08,3092.4799999999996,0.05154133333333334,0.0,2.2855830918874177e-06
459.GemsFDTD,1.2372611e-07,13045.752499999999,0.2300586666666667,0.0,1.1363883994807124e-06
462.libquantum,6.59825e-08,5898.2375,0.10922666666666668,0.0,1.1159729003906253e-06
464.h264ref,7.115675e-08,8437.7675,0.15189333333333335,0.0,8.477923103932585e-07
471.omnetpp,9.24953e-08,2621.435,0.04403200000000001,0.0,2.5432639898255814e-06
473.astar,1.1704328000000001e-07,5980.165,0.10137600000000002,0.0,1.6180851483585858e-06
482.sphinx3,9.745299000000001e-08,6615.04,0.12151466666666669,0.0,1.2448291564255619e-06
483.xalancbmk,8.785463e-08,5857.279999999999,0.10888533333333335,0.0,1.2317912421630094e-06
