401.bzip2,1.2611e-07,13636.8,0.4040533333333333,0.0,4.5337084213305175e-07
403.gcc,1.0187590000000001e-07,7502.424999999999,0.22229333333333334,0.0,1.4032809500959694e-06
435.gromacs,1.1035570000000001e-07,3326.4,0.09856,0.0,9.322706980519482e-07
436.cactusADM,1.3601584000000002e-07,3873.5999999999995,0.11477333333333334,0.0,9.81674024163569e-07
444.namd,1.0802507e-07,8395.199999999999,0.24874666666666667,0.0,6.482740137221269e-07
445.gobmk,1.1622287000000001e-07,5572.799999999999,0.16512,0.0,9.25732800387597e-07
447.dealii,1.167738e-07,3182.4,0.09429333333333334,0.0,2.472210831447964e-06
456.hmmer,1.1812949000000002e-07,5659.200000000001,0.16810666666666665,0.0,2.009295685279188e-06
458.sjeng,1.097408e-07,2059.2000000000003,0.061013333333333336,0.0,1.6773218968531469e-06
459.GemsFDTD,1.6663084000000003e-07,42076.774999999994,1.24672,0.0,5.450429928131416e-07
462.libquantum,2.01927e-08,11073.625,0.32810666666666666,0.0,8.332259834200261e-07
464.h264ref,1.0422190000000001e-07,12513.574999999999,0.37248,0.0,2.448547573024055e-07
471.omnetpp,1.0289680000000001e-07,1727.9999999999998,0.0512,0.0,1.855564453125e-06
473.astar,1.241335e-07,3312.0,0.09813333333333334,0.0,1.2103023097826088e-06
482.sphinx3,1.1371517000000002e-07,7703.999999999999,0.22826666666666667,0.0,4.0537324766355143e-07
483.xalancbmk,1.1766742e-07,9604.8,0.28458666666666665,0.0,3.4307967110194904e-07
