401.bzip2,1.3484825e-07,3901.44,0.13568000000000002,0.0,1.7253556161556605e-06
403.gcc,1.43428e-07,2713.6000000000004,0.09045333333333334,0.0,2.579526275058962e-06
435.gromacs,1.7527620000000002e-07,2606.08,0.08721066666666669,0.0,2.7399515349804307e-06
436.cactusADM,1.6256255e-07,2616.3199999999997,0.09045333333333334,0.0,2.66373820754717e-06
444.namd,1.29344e-07,3599.36,0.11997866666666669,0.0,1.9404845583659318e-06
445.gobmk,1.443748e-07,2667.52,0.08891733333333335,0.0,2.624915651991363e-06
447.dealii,1.2711107499999999e-07,3031.0299999999997,0.10666666666666669,0.0,2.16735234375e-06
456.hmmer,1.49499525e-07,2944.0,0.09813333333333335,0.0,2.3987058423913045e-06
458.sjeng,1.3855895e-07,1479.6799999999998,0.049322666666666674,0.0,4.673986943122838e-06
459.GemsFDTD,1.8795505e-07,3681.28,0.12851200000000002,0.0,1.9194647192480083e-06
462.libquantum,1.124025e-07,3420.15,0.11963733333333335,0.0,1.9287165098965762e-06
464.h264ref,1.08605925e-07,6369.27,0.21794133333333338,0.0,1.0646718382928738e-06
471.omnetpp,1.62882425e-07,1955.84,0.07116800000000001,0.0,3.281987691097122e-06
473.astar,1.70847625e-07,2954.2400000000002,0.09881600000000001,0.0,2.433507731541451e-06
482.sphinx3,1.53834975e-07,4428.8,0.15360000000000001,0.0,1.5683935546875e-06
483.xalancbmk,1.41651e-07,4136.96,0.14387200000000003,0.0,1.6416693310720642e-06
